Num. proc.: 1

Exec. Time: 12.3316, 23.8745, 24.4972, 16.9955, 24.4327, 23.413, 6.47633, 37.847, 32.4641, 36.5907

Merge Exec. Time: 2.34e-07, 4.03e-07, 2.9e-07, 7.17e-07, 2.36e-07, 2.1e-07, 6.1e-07, 3.14e-07, 3.65e-07, 2.69e-07

Num. proc.: 2

Exec. Time: 5.61768, 20.7729, 6.88224, 18.2163, 7.49551, 9.62188, 25.155, 9.97724, 8.14484, 6.92153

Merge Exec. Time: 9.2427e-05, 4.6677e-05, 4.1917e-05, 8.6664e-05, 4.3118e-05, 9.3007e-05, 0.000218288, 9.0914e-05, 9.1456e-05, 9.2589e-05

Num. proc.: 3

Exec. Time: 4.11675, 3.34695, 6.12755, 4.52069, 6.08643, 2.51815, 3.80144, 4.81776, 5.39245, 6.49623

Merge Exec. Time: 0.000252483, 0.000238781, 0.000241431, 0.000228614, 0.000198197, 0.000120181, 0.000237239, 0.000320887, 0.000307659, 0.000234976

Num. proc.: 4

Exec. Time: 4.49533, 5.27705, 3.08374, 3.69826, 4.16023, 2.42076, 2.15584, 4.42808, 4.40792, 2.58677

Merge Exec. Time: 0.000645463, 0.000658491, 0.000489302, 0.000429286, 0.000507665, 0.000821244, 0.000670821, 0.000660557, 0.000618161, 0.000547037

Num. proc.: 5

Exec. Time: 2.65082, 3.12134, 3.47181, 1.5116, 2.42024, 3.90479, 5.36141, 1.54487, 3.11667, 2.86572


Merge Exec. Time: 0.00107289, 0.00145606, 0.000892824, 0.00128926, 0.00132982, 0.001268, 0.000930631, 0.00127348, 0.00128157, 0.0010053

Num. proc.: 6

Exec. Time: 2.05047, 3.07254, 2.74951, 3.75763, 2.88139, 4.12173, 2.82441, 3.98404, 4.08234, 4.18479

Merge Exec. Time: 0.00170206, 0.00227459, 0.00218795, 0.00214436, 0.00207797, 0.00254548, 0.00306403, 0.00194993, 0.0019653, 0.00209598

Num. proc.: 7

Exec. Time: 4.74404, 3.04694, 2.80766, 5.35403, 5.16625, 2.02416, 5.01289, 5.78223, 5.84316, 2.84804

Merge Exec. Time: 0.00210832, 0.00348042, 0.00325844, 0.0035926, 0.0030235, 0.00338292, 0.00238942, 0.00351357, 0.00323676, 0.00493485

Num. proc.: 8

Exec. Time: 3.69844, 3.55358, 2.82602, 4.34801, 4.25983, 3.75722, 5.34009, 3.99305, 6.75832, 4.70281

Merge Exec. Time: 0.00469589, 0.00515189, 0.0049388, 0.00564432, 0.00516855, 0.00320985, 0.0043139, 0.00466777, 0.0053936, 0.0058218