Num. proc.: 1

    Exec. Time: 1.29746, 0.662006, 2.2186, 1.18047, 1.75889, 2.04023, 0.740146, 2.48887, 1.0459, 0.870774

    Merge Exec. Time: 2.39e-07, 2.81e-07, 2.66e-07, 3.88e-07, 3.06e-07, 1.51e-07, 3.27e-07, 2.84e-07, 3.25e-07, 2.75e-07

Num. proc.: 2

    Exec. Time: 2.22595, 2.22466, 2.40972, 2.09702, 3.02077, 2.03994, 1.76459, 2.36402, 1.50569, 2.11906

    Merge Exec. Time: 4.1383e-05, 4.0601e-05, 9.3319e-05, 4.0638e-05, 9.2272e-05, 9.6712e-05, 4.3138e-05, 0.000148822, 4.357e-05, 9.2809e-05

Num. proc.: 3

    Exec. Time: 1.237, 0.948538, 1.5297, 1.23394, 0.785913, 1.07658, 1.18882, 1.47541, 0.950698, 1.3892, 

    Merge Exec. Time: 0.00024291, 8.1438e-05, 0.000116752, 8.2639e-05, 9.9992e-05, 8.5073e-05, 0.000115669, 0.000146649, 0.00014079, 0.000112819, 

Num. proc.: 4

    Exec. Time: 0.981612, 1.00278, 0.803682, 0.943638, 0.887596, 0.878117, 0.890758, 1.12219, 0.621686, 0.882318

    Merge Exec. Time: 0.000217076, 0.000186248, 0.000265928, 0.000187346, 0.000185489, 0.000214324, 0.0002146, 0.000213177, 0.00018833, 0.000214186

Num. proc.: 5

    Exec. Time: 0.64642, 0.696622, 0.731017, 0.703967, 0.644695, 0.679473, 0.387483, 0.733066, 0.777219, 0.408331

    Merge Exec. Time: 0.000392141, 0.000554646, 0.000576556, 0.000580087, 0.00038593, 0.000393203, 0.00056937, 0.00037881, 0.000959288, 0.000595204

Num. proc.: 6

    Exec. Time: 0.870012, 0.631625, 0.671538, 0.836584, 0.859147, 0.794033, 0.598936, 0.913483, 0.761777, 0.732509

    Merge Exec. Time: 0.000815053, 0.00079254, 0.000984698, 0.00103488, 0.00102762, 0.00102628, 0.000977031, 0.000994315, 0.000651285, 0.00100298

Num. proc.: 7

    Exec. Time: 0.740884, 0.575288, 0.724677, 0.765289, 0.713707, 0.749378, 0.751112, 0.645316, 0.634266, 0.730369

    Merge Exec. Time: 0.000989847, 0.00153377, 0.001312, 0.000983708, 0.00160353, 0.00153728, 0.00153553, 0.00152959, 0.00156163, 0.00154049

Num. proc.: 8

    Exec. Time: 0.597483, 0.640009, 0.738063, 0.726218, 0.602898, 0.602723, 0.623426, 0.679196, 0.57534, 0.645846

    Merge Exec. Time: 0.0022786, 0.00234103, 0.00229261, 0.00234789, 0.00229808, 0.00228996, 0.00229271, 0.00232444, 0.0024879, 0.00306608
