Num. proc.: 1

Exec. Time: 3.69126, 5.93422, 6.11957, 7.59984, 1.64609, 1.87183, 7.20065, 1.17521, 7.85814, 6.04553

Merge Exec. Time: 3.13e-07, 3.06e-07, 2.94e-07, 2.7e-07, 2.14e-07, 2.13e-07, 1.68e-07, 3.29e-07, 3.06e-07, 3.22e-07

Num. proc.: 2

Exec. Time: 2.6747, 5.96033, 2.49993, 2.27102, 1.87314, 1.8713, 1.92546, 7.17763, 5.83488, 4.97611

Merge Exec. Time: 0.000205268, 7.5942e-05, 4.7773e-05, 4.3124e-05, 4.3892e-05, 4.1442e-05, 4.1979e-05, 4.3438e-05, 4.1903e-05, 9.006e-05

Num. proc.: 3

Exec. Time: 0.939782, 0.833537, 3.7594, 1.07192, 1.97764, 2.71072, 5.28027, 1.27548, 1.45493, 1.14613

Merge Exec. Time: 0.000135175, 0.000111635, 0.000229541, 8.317e-05, 8.2143e-05, 0.000172711, 0.000224759, 8.1952e-05, 8.4091e-05, 0.000137309

Num. proc.: 4

Exec. Time: 1.37314, 1.82182, 2.02917, 1.41364, 1.53582, 2.42609, 1.97102, 1.19563, 1.41493, 1.55491

Merge Exec. Time: 0.000216088, 0.000215373, 0.000219512, 0.000256306, 0.000212606, 0.000638178, 0.00021911, 0.000218739, 0.000193465, 0.000407626

Num. proc.: 5

Exec. Time: 1.41051, 0.896668, 2.10322, 1.07964, 1.0028, 1.64168, 1.55089, 0.825846, 0.99209, 0.876732

Merge Exec. Time: 0.000578541, 0.000526613, 0.000579823, 0.000421852, 0.000378322, 0.000577757, 0.000388069, 0.000570085, 0.000577943, 0.000572582

Num. proc.: 6

Exec. Time: 1.00809, 1.25407, 1.12857, 3.1469, 3.55684, 2.89985, 1.12837, 1.41783, 1.20362, 1.14007

Merge Exec. Time: 0.000629334, 0.000633231, 0.000785397, 0.00175441, 0.00231949, 0.000672282, 0.0006439, 0.00223698, 0.000627957, 0.000992129

Num. proc.: 7

Exec. Time: 3.45158, 1.32847, 3.67677, 2.9342, 3.7929, 3.24975, 3.56451, 0.894803, 3.69823, 3.05427

Merge Exec. Time: 0.00333289, 0.00158623, 0.00228396, 0.00342022, 0.00347369, 0.00334797, 0.00418774, 0.00154405, 0.00308496, 0.00339234

Num. proc.: 8

Exec. Time: 1.49051, 1.3356, 1.39046, 1.31798, 1.45669, 1.49797, 1.50654, 1.33012, 1.79473, 1.76372

Merge Exec. Time: 0.00405301, 0.00226074, 0.00237058, 0.00228844, 0.00230428, 0.00231019, 0.00233854, 0.00534394, 0.00497015, 0.00519329