Num. proc.: 1

Exec. Time: 21.5525, 20.5227, 30.9284, 20.8598, 19.4471, 32.5617, 18.3507, 4.93767, 7.6478, 12.4325

Merge Exec. Time: 2.87e-07, 4.22e-07, 4.36e-07, 2.98e-07, 3.1e-07, 4.49e-07, 2.58e-07, 5.44e-07, 3.88e-07, 2.38e-07

Num. proc.: 2

Exec. Time: 18.0802, 11.9814, 13.012, 14.779, 15.0599, 12.7604, 13.676, 5.02894, 10.4084, 5.42823

Merge Exec. Time: 9.4246e-05, 4.1776e-05, 9.4759e-05, 9.346e-05, 9.6377e-05, 9.1592e-05, 0.000191649, 0.000102223, 9.2539e-05, 9.4314e-05

Num. proc.: 3

Exec. Time: 4.67775, 2.10932, 2.16955, 7.17907, 7.9949, 6.60693, 2.18249, 8.2539, 7.31644, 7.05899

Merge Exec. Time: 0.000223062, 8.3649e-05, 9.6958e-05, 0.000240144, 0.000171716, 0.000175684, 0.00017649, 0.000276471, 0.000252172, 0.000217425

Num. proc.: 4

Exec. Time: 8.24828, 4.68583, 6.27464, 7.56868, 6.1371, 4.40353, 7.24839, 8.25012, 9.66498, 5.41548

Merge Exec. Time: 0.00056178, 0.000396876, 0.000620068, 0.000448657, 0.000544173, 0.000459739, 0.000598748, 0.000450517, 0.00044637, 0.00066729

Num. proc.: 6

Exec. Time: 3.18116, 5.32544, 6.74124, 7.26164, 6.29374, 6.68527, 5.47792, 5.40018, 6.39473, 5.66346

Merge Exec. Time: 0.0021251, 0.0021935, 0.0021528, 0.00210675, 0.00172816, 0.00200849, 0.00218063, 0.00213591, 0.0021474, 0.0021475

Num. proc.: 7

Exec. Time: 5.68749, 5.86028, 5.34987, 5.88891, 5.74962, 5.68988, 7.49094, 7.41394, 5.50372, 5.47539

Merge Exec. Time: 0.00153401, 0.00154268, 0.00153615, 0.00154802, 0.00331878, 0.00154979, 0.00342748, 0.00313176, 0.00335298, 0.00352053

Num. proc.: 8

Exec. Time: 7.02005, 5.61601, 7.50486, 6.18626, 9.58468, 7.33514, 10.7838, 10.9662, 13.4478, 12.3777

Merge Exec. Time: 0.00512892, 0.00514435, 0.00513638, 0.00504105, 0.00518582, 0.00416134, 0.00488407, 0.00518676, 0.00501196, 0.005204